0.00000000000000000000
0.00000000000020060169
0.00000000000000000000
0.00000000000000000000
0.00000000000026956242
0.00000000000026787578
0.00000000000000000000
0.00000000000000000000
0.00000000000000000000
0.00000000000000000000
0.00000000000020114699
0.00000000000001809483
0.00000000000000000000
0.00000000000000000000
0.00000000000000000000
0.00000000000000000000
0.00000000000000000000
0.00000000000000000000
0.00000000000000000000
0.00000000000000000047
0.00000000000000000000
0.00000000000000000000
0.00000000000000000000
0.00000000000019826923
0.00000000000000000000
0.00000000000000000000
0.00000000000000000000
0.00000000000001566244
0.00000000000000000000
0.00000000000000000000
0.00000000000000000000
0.00000000000007506616
0.00000000000000000000
0.00000000000000000000
0.00000000000007852213
0.00000000000000000000
0.00000000000026683544
0.00000000000000000000
0.00000000000000000000
0.00000000000000000000
0.00000000000000000000
0.00000000000000000000
0.00000000000000000000
0.00000000000000000000
0.00000000000000000000
0.00000000000000000000
0.00000000000000000000
0.00000000000000000000
0.00000000000000000000
0.00000000000000000000
0.00000000000000000000
0.00000000000000000000
0.00000000000000000000
0.00000000000000000000
0.00000000000000085053
0.00000000000000000000
0.00000000000026064080
0.00000000000026730988
0.00000000000000000000
0.00000000000000000000
0.00000000000019019857
0.00000000000016166380
0.00000000000026968603
0.00000000000000000000
0.00000000000000000000
0.00000000000000000000
0.00000000000000024282
0.00000000000000045700
0.00000000000000000000
0.00000000000000000000
0.00000000000000000000
0.00000000000000000000
0.00000000000000000000
0.00000000000000000000
0.00000000000000000000
0.00000000000025700844
0.00000000000000000000
0.00000000000000000000
0.00000000000004476845
0.00000000000000000000
0.00000000000000000000
0.00000000000000000000
0.00000000000000000000
0.00000000000000000000
0.00000000000026969092
0.00000000000000144631
0.00000000000009445026
0.00000000000000000000
0.00000000000009233041
0.00000000000000000000
0.00000000000000000000
0.00000000000026689006
0.00000000000023816607
0.00000000000000776352
0.00000000000026942945
0.00000000000000000000
0.00000000000000000000
0.00000000000026222782
0.00000000000000000000
0.00000000000000000000
0.00000000000000000000
0.00000000000025720858
0.00000000000000000013
0.00000000000026932354
0.00000000000026160918
0.00000000000000000000
0.00000000000000000000
0.00000000000000000000
0.00000000000000000000
0.00000000000025644555
0.00000000000000000001
0.00000000000014132611
0.00000000000000000000
0.00000000000000000000
0.00000000000000000000
0.00000000000000000000
0.00000000000026891269
0.00000000000000000000
0.00000000000000000000
0.00000000000000000000
0.00000000000000000000
0.00000000000000000039
0.00000000000000000000
0.00000000000000000000
0.00000000000000000000
0.00000000000000000000
0.00000000000000000000
0.00000000000000000000
0.00000000000000000000
0.00000000000000000000
0.00000000000000000000
0.00000000000016713495
0.00000000000024828233
0.00000000000026534951
0.00000000000000000000
0.00000000000000802930
0.00000000000000000000
0.00000000000026418557
0.00000000000026965306
0.00000000000000000000
0.00000000000026941330
0.00000000000000000000
0.00000000000021134453
0.00000000000000000000
0.00000000000000000000
0.00000000000000000000
0.00000000000025869469
0.00000000000000000000
0.00000000000000000000
0.00000000000000000000
0.00000000000000000000
0.00000000000000000000
0.00000000000026953925
0.00000000000000000000
0.00000000000018920217
0.00000000000000000000
0.00000000000021662071
0.00000000000000000000
0.00000000000019730005
0.00000000000000000000
0.00000000000009864596
0.00000000000012140154
0.00000000000026940833
0.00000000000000000000
0.00000000000026881838
0.00000000000000000000
0.00000000000000000000
0.00000000000000000000
0.00000000000000000000
0.00000000000002620738
0.00000000000000000000
0.00000000000000000000
0.00000000000018113904
0.00000000000026482654
0.00000000000000000000
0.00000000000000000000
0.00000000000000000000
0.00000000000000228943
0.00000000000023361995
0.00000000000025017287
0.00000000000000000000
0.00000000000003024381
0.00000000000019783099
0.00000000000000000000
0.00000000000026380554
0.00000000000000000000
0.00000000000000001240
0.00000000000020150357
0.00000000000000000000
0.00000000000000000000
0.00000000000001476500
0.00000000000025670275
0.00000000000000000000
0.00000000000000000000
0.00000000000000439820
0.00000000000000000000
0.00000000000000000000
0.00000000000000000000
0.00000000000000000000
0.00000000000026727452
0.00000000000026433056
0.00000000000000000000
0.00000000000000000000
0.00000000000000000000
0.00000000000000000000
0.00000000000000000000
0.00000000000025677885
0.00000000000026795343
0.00000000000000000000
0.00000000000000000000
0.00000000000026910594
0.00000000000000000000
0.00000000000008859888
0.00000000000000000000
0.00000000000020302858
0.00000000000000000000
0.00000000000026952871
0.00000000000026892521
0.00000000000000000000
0.00000000000026732944
0.00000000000000000000
0.00000000000024451697
0.00000000000023334439
0.00000000000000000000
0.00000000000000000000
0.00000000000026919839
0.00000000000000000000
0.00000000000000000000
0.00000000000001434669
0.00000000000000000000
0.00000000000006878696
0.00000000000005271620
0.00000000000000000215
0.00000000000000000000
0.00000000000000000000
0.00000000000000000000
0.00000000000000000000
0.00000000000000000000
0.00000000000026942419
0.00000000000026105069
0.00000000000014747184
0.00000000000000000000
0.00000000000000000000
0.00000000000004060478
0.00000000000026915582
0.00000000000000000000
0.00000000000000000915
0.00000000000002253260
0.00000000000025395670
0.00000000000000010533
0.00000000000015113876
0.00000000000000000000
0.00000000000000000000
0.00000000000000000000
0.00000000000025274428
0.00000000000001270471
0.00000000000026961841
0.00000000000000960743
0.00000000000000000000
0.00000000000000000000
0.00000000000009346248
0.00000000000000011170
0.00000000000000000000
0.00000000000000000000
0.00000000000000000000
0.00000000000021839147
0.00000000000000000000
0.00000000000000000000
0.00000000000000075753
0.00000000000000030926
0.00000000000000000000
0.00000000000025636625
0.00000000000000000000
0.00000000000007644584
0.00000000000000000000
0.00000000000000000000
0.00000000000026863413
0.00000000000025770978
0.00000000000017857717
0.00000000000026944205
0.00000000000026955735
0.00000000000026324105
0.00000000000000000000
0.00000000000000000000
0.00000000000019956359
0.00000000000000000000
0.00000000000000000000
0.00000000000000000000
0.00000000000000000000
0.00000000000026381347
0.00000000000000000000
0.00000000000000000000
0.00000000000000000000
0.00000000000015881445
0.00000000000025742044
0.00000000000000000000
0.00000000000000000000
0.00000000000000000000
0.00000000000000000000
0.00000000000000000000
0.00000000000000000000
0.00000000000000000000
0.00000000000000000000
0.00000000000003118049
0.00000000000000000000
0.00000000000000000000
0.00000000000000024107
0.00000000000000000000
0.00000000000026903134
0.00000000000026766841
0.00000000000025323532
0.00000000000000000000
0.00000000000000000000
0.00000000000026924251
0.00000000000000000000
0.00000000000000000000
0.00000000000026764617
0.00000000000000000000
0.00000000000000000000
0.00000000000025587545
0.00000000000000000107
0.00000000000000000000
0.00000000000026548177
0.00000000000015109412
0.00000000000000000000
0.00000000000000000000
0.00000000000000000000
0.00000000000026509790
0.00000000000000000000
0.00000000000000000000
0.00000000000000000000
0.00000000000023134787
0.00000000000000169517
0.00000000000008229474
0.00000000000026824244
0.00000000000000000000
0.00000000000020181803
0.00000000000000000000
0.00000000000000000000
0.00000000000000000000
0.00000000000000000000
0.00000000000000000000
0.00000000000022280551
0.00000000000026929640
0.00000000000003459004
0.00000000000000000000
0.00000000000017682772
0.00000000000000000000
0.00000000000000000000
0.00000000000026952264
0.00000000000026052891
0.00000000000000000000
0.00000000000000000000
0.00000000000026870819
0.00000000000000000000
0.00000000000000000000
0.00000000000000000001
0.00000000000000000000
0.00000000000026734397
0.00000000000019795345
0.00000000000026296714
0.00000000000026874424
0.00000000000000000000
0.00000000000026785656
0.00000000000005126212
0.00000000000000000000
0.00000000000000000000
0.00000000000000000000
0.00000000000000000017
0.00000000000025819342
0.00000000000000000000
0.00000000000000000000
0.00000000000000000000
0.00000000000000000000
0.00000000000000000000
0.00000000000000000000
0.00000000000000000000
0.00000000000025359742
0.00000000000026941846
0.00000000000000000000
0.00000000000000000000
0.00000000000000711073
0.00000000000026949154
0.00000000000000000000
0.00000000000026748501
0.00000000000000000000
0.00000000000026959728
0.00000000000026852549
0.00000000000016298316
0.00000000000026955669
0.00000000000000000000
0.00000000000000000000
0.00000000000000000000
0.00000000000026880172
0.00000000000000000000
0.00000000000000000000
0.00000000000026696201
0.00000000000000000001
0.00000000000000000000
0.00000000000000000000
0.00000000000025886455
0.00000000000019071529
0.00000000000000000000
0.00000000000000000000
0.00000000000000000000
0.00000000000000000000
0.00000000000023549002
0.00000000000005943716
0.00000000000000000000
0.00000000000000000000
0.00000000000026924659
0.00000000000000000000
0.00000000000000000000
0.00000000000000000000
0.00000000000026934604
0.00000000000000000000
0.00000000000026819246
0.00000000000000000000
0.00000000000000000000
0.00000000000000000000
0.00000000000010696403
0.00000000000026781795
0.00000000000000000000
0.00000000000000015138
0.00000000000000001514
0.00000000000000000000
0.00000000000000000000
0.00000000000000000000
0.00000000000000000001
0.00000000000000000000
0.00000000000000000008
0.00000000000000000000
0.00000000000026934005
0.00000000000020970737
0.00000000000000000000
0.00000000000000000000
0.00000000000000000000
0.00000000000000000000
0.00000000000000000000
0.00000000000000000000
0.00000000000020607503
0.00000000000024177868
0.00000000000000000000
0.00000000000000000000
0.00000000000026783971
0.00000000000000000003
0.00000000000026959892
0.00000000000000000000
0.00000000000000000000
0.00000000000026815994
0.00000000000000000000
0.00000000000019406241
0.00000000000000000000
0.00000000000000000000
0.00000000000000000000
0.00000000000026727258
0.00000000000008240641
0.00000000000024768686
0.00000000000026807791
0.00000000000000000000
0.00000000000000000000
0.00000000000000000000
0.00000000000000000000
0.00000000000000000000
0.00000000000000000000
0.00000000000000000000
0.00000000000000000000
0.00000000000000000000
0.00000000000000000000
0.00000000000024228263
0.00000000000000000000
0.00000000000000000000
0.00000000000000000000
0.00000000000000000000
0.00000000000000000000
0.00000000000022919153
0.00000000000000000000
0.00000000000000000000
0.00000000000000000000
0.00000000000000000000
0.00000000000000000000
0.00000000000000361202
0.00000000000000000000
0.00000000000026943871
0.00000000000012521683
0.00000000000000000000
0.00000000000000000000
0.00000000000000000000
0.00000000000026449540
0.00000000000026762855
0.00000000000000000000
0.00000000000000000000
0.00000000000000000000
0.00000000000000000000
0.00000000000000000000
0.00000000000026310946
0.00000000000001257122
0.00000000000000000000
0.00000000000026872574
0.00000000000000000000
0.00000000000015422923
0.00000000000000000000
0.00000000000000000000
0.00000000000024780573
0.00000000000024025249
0.00000000000000000000
0.00000000000000000000
0.00000000000000000000
0.00000000000000000003
0.00000000000001302530
0.00000000000026805333
0.00000000000007813171
0.00000000000000000022
0.00000000000000000000
0.00000000000000000000
0.00000000000000000000
0.00000000000026909662
0.00000000000026819592
0.00000000000000000000
0.00000000000021091111
0.00000000000025157377
0.00000000000000000000
0.00000000000000000000
0.00000000000000000000
0.00000000000026911051
0.00000000000000000034
0.00000000000000000000
0.00000000000000000000
0.00000000000000000000
0.00000000000000000000
0.00000000000026823411
0.00000000000000000000
0.00000000000012748473
0.00000000000026934276
0.00000000000000000000
0.00000000000001620144
0.00000000000000000000
0.00000000000023723792
0.00000000000026500992
0.00000000000025492260
0.00000000000000000000
0.00000000000026562486
0.00000000000000000001
0.00000000000000000000
0.00000000000000000000
0.00000000000000000000
0.00000000000000000000
0.00000000000000000000
0.00000000000026857390
0.00000000000000000000
0.00000000000000000000
0.00000000000000000000
0.00000000000000000000
0.00000000000000000000
0.00000000000016436073
0.00000000000000000000
0.00000000000000000000
0.00000000000000000000
0.00000000000000000000
0.00000000000000000000
0.00000000000026928368
0.00000000000000000000
0.00000000000026186788
0.00000000000026971966
0.00000000000000000000
0.00000000000000000000
0.00000000000000000000
0.00000000000013624663
0.00000000000016608599
0.00000000000000000000
0.00000000000000000000
0.00000000000005805278
0.00000000000000000000
0.00000000000000000000
0.00000000000026820505
0.00000000000000000000
0.00000000000000005906
0.00000000000026560696
0.00000000000000000000
0.00000000000000000000
0.00000000000000000000
0.00000000000000000000
0.00000000000000000000
0.00000000000000000000
0.00000000000002821808
0.00000000000026944304
0.00000000000026930744
0.00000000000000000089
0.00000000000000000000
0.00000000000000000000
0.00000000000018599309
0.00000000000000000000
0.00000000000000001028
0.00000000000000000000
0.00000000000000000002
0.00000000000000000000
0.00000000000000000000
0.00000000000000001798
0.00000000000000000000
0.00000000000020775715
0.00000000000000000000
0.00000000000000000000
0.00000000000000000000
0.00000000000000000314
0.00000000000000000000
0.00000000000000000000
0.00000000000025566494
0.00000000000000000000
0.00000000000000000000
0.00000000000000000000
0.00000000000000000000
0.00000000000000000000
0.00000000000000000000
0.00000000000015959988
0.00000000000014114325
0.00000000000000003104
0.00000000000000000000
0.00000000000000000031
0.00000000000000000000
0.00000000000000000000
0.00000000000000000000
0.00000000000024281427
0.00000000000000000000
0.00000000000000000000
0.00000000000000000000
0.00000000000000000000
0.00000000000026749176
0.00000000000000000000
0.00000000000000000000
0.00000000000025811871
0.00000000000005819253
0.00000000000026222820
0.00000000000024134725
0.00000000000000000000
0.00000000000000000000
0.00000000000025359822
0.00000000000000000000
0.00000000000025494151
0.00000000000000000000
0.00000000000000000000
0.00000000000000000000
0.00000000000001026148
0.00000000000000000000
0.00000000000000000000
0.00000000000000000004
0.00000000000000025642
0.00000000000000000000
0.00000000000024986674
0.00000000000000000000
0.00000000000000000000
0.00000000000000000000
0.00000000000000000000
0.00000000000000000000
0.00000000000000000000
0.00000000000000002901
0.00000000000017574986
0.00000000000000000002
0.00000000000000000000
0.00000000000012338000
0.00000000000000000000
0.00000000000000000000
0.00000000000000000000
0.00000000000000000000
0.00000000000000000000
0.00000000000013165363
0.00000000000026888137
0.00000000000025249183
0.00000000000000000000
0.00000000000000930159
0.00000000000000000000
0.00000000000000000000
0.00000000000000000000
0.00000000000000000000
0.00000000000000000000
0.00000000000026431204
0.00000000000000000000
0.00000000000000000000
0.00000000000025454129
0.00000000000000018845
0.00000000000000000761
0.00000000000000017820
0.00000000000026900164
0.00000000000000477940
0.00000000000000000000
0.00000000000000000000
0.00000000000000014140
0.00000000000000000000
0.00000000000023618713
0.00000000000000000000
0.00000000000000000000
0.00000000000000000000
0.00000000000000000000
0.00000000000000000000
0.00000000000026924429
0.00000000000026840511
0.00000000000000000000
0.00000000000012045107
0.00000000000000000000
0.00000000000000048667
0.00000000000014058963
0.00000000000026918226
0.00000000000026307629
0.00000000000000000000
0.00000000000026656684
0.00000000000000000105
0.00000000000000000000
0.00000000000000000000
0.00000000000026705595
0.00000000000026737920
0.00000000000000000000
0.00000000000026785272
0.00000000000000000000
0.00000000000000738932
0.00000000000026914608
0.00000000000000000000
0.00000000000000000000
0.00000000000026791061
0.00000000000000000000
0.00000000000018617676
0.00000000000000000000
0.00000000000000000000
0.00000000000026160073
0.00000000000013361176
0.00000000000000000000
0.00000000000000059992
0.00000000000000000000
0.00000000000000000000
0.00000000000000000000
0.00000000000011452997
0.00000000000000000000
0.00000000000000000000
0.00000000000000000000
0.00000000000003220065
0.00000000000022482939
0.00000000000026632341
0.00000000000000002610
0.00000000000022960369
0.00000000000012932218
0.00000000000000000000
0.00000000000000000000
0.00000000000000000000
0.00000000000007325251
0.00000000000000000000
0.00000000000000000000
0.00000000000026513575
0.00000000000000000000
0.00000000000026918844
0.00000000000000000018
0.00000000000012851815
0.00000000000026525420
0.00000000000000000000
0.00000000000020439201
0.00000000000000075252
0.00000000000000000000
0.00000000000000000000
0.00000000000026650168
0.00000000000000000000
0.00000000000025542715
0.00000000000023259173
0.00000000000000000000
0.00000000000000000000
0.00000000000000627817
0.00000000000000000000
0.00000000000000000000
0.00000000000026921008
0.00000000000000000000
0.00000000000000000000
0.00000000000000000003
0.00000000000000000000
0.00000000000000000000
0.00000000000026965492
0.00000000000025684694
0.00000000000026913381
0.00000000000000000000
0.00000000000000000000
0.00000000000000000000
0.00000000000000042406
0.00000000000000000000
0.00000000000000041543
0.00000000000000000000
0.00000000000000000000
0.00000000000000000000
0.00000000000000000597
0.00000000000000000000
0.00000000000000000000
0.00000000000000000000
0.00000000000000000000
0.00000000000019745915
0.00000000000020904765
0.00000000000001935115
0.00000000000000000000
0.00000000000026902869
0.00000000000000000000
0.00000000000000000000
0.00000000000026877330
0.00000000000000000000
0.00000000000026879400
0.00000000000026779021
0.00000000000026899841
0.00000000000000000000
0.00000000000000000000
0.00000000000000000000
0.00000000000000000000
0.00000000000022064319
0.00000000000000000000
0.00000000000001976752
0.00000000000020990075
0.00000000000000000000
0.00000000000026727596
0.00000000000000000000
0.00000000000022174645
0.00000000000000000000
0.00000000000000000000
0.00000000000000919576
0.00000000000000000000
0.00000000000000000000
0.00000000000000000000
0.00000000000000000000
0.00000000000026774576
0.00000000000000000000
0.00000000000000000000
0.00000000000000000107
0.00000000000000000000
0.00000000000025702164
0.00000000000026745313
0.00000000000000000000
0.00000000000000000000
0.00000000000000000886
0.00000000000023422688
0.00000000000000841691
0.00000000000018932243
0.00000000000025258173
0.00000000000020074716
0.00000000000000000000
0.00000000000000000000
0.00000000000026952838
0.00000000000000000000
0.00000000000000000000
0.00000000000026956224
0.00000000000000000000
0.00000000000000000000
0.00000000000021500260
0.00000000000021213405
0.00000000000000000000
0.00000000000017399712
0.00000000000000000000
0.00000000000000000000
0.00000000000000000000
0.00000000000020832962
0.00000000000025589657
0.00000000000000001794
0.00000000000026665178
0.00000000000000000000
0.00000000000000000000
0.00000000000000000000
0.00000000000000000000
0.00000000000000000000
0.00000000000000000000
0.00000000000000000000
0.00000000000000000000
0.00000000000000000000
0.00000000000000000000
0.00000000000000000000
0.00000000000000000000
0.00000000000001475088
0.00000000000000000000
0.00000000000000000000
0.00000000000000000000
0.00000000000000000000
0.00000000000000000000
0.00000000000026919997
0.00000000000000000000
0.00000000000026759118
0.00000000000021792809
0.00000000000000731100
0.00000000000026502766
0.00000000000000337999
0.00000000000026901130
0.00000000000000000000
0.00000000000000000000
0.00000000000000000000
0.00000000000000000000
0.00000000000006175661
0.00000000000000000000
0.00000000000000000000
0.00000000000020359847
0.00000000000000000000
0.00000000000000000000
0.00000000000026717357
0.00000000000000000000
0.00000000000014281185
0.00000000000000000000
0.00000000000000000000
0.00000000000026958819
0.00000000000000000000
0.00000000000000000000
0.00000000000000000000
0.00000000000001309950
0.00000000000000000000
0.00000000000000000000
0.00000000000000000000
0.00000000000000000000
0.00000000000000000000
0.00000000000026388229
0.00000000000000000000
0.00000000000000062704
0.00000000000026923739
0.00000000000026953211
0.00000000000000000000
0.00000000000000000000
0.00000000000000000000
0.00000000000000000000
0.00000000000000000000
0.00000000000008345858
0.00000000000025823753
0.00000000000000000000
0.00000000000026721398
0.00000000000000000000
0.00000000000006328925
0.00000000000000000551
0.00000000000026938199
0.00000000000026942271
0.00000000000000000003
0.00000000000000000000
0.00000000000019159134
0.00000000000000000000
0.00000000000026935202
0.00000000000021849473
0.00000000000000000000
0.00000000000000000000
0.00000000000000000000
0.00000000000000000000
0.00000000000000000000
0.00000000000000000000
0.00000000000000000000
0.00000000000024133754
0.00000000000000000000
0.00000000000003365827
0.00000000000000000000
0.00000000000000000000
0.00000000000000000000
0.00000000000000000000
0.00000000000000788224
0.00000000000000235707
0.00000000000000000000
0.00000000000026601234
0.00000000000026966432
0.00000000000000000000
0.00000000000000000000
0.00000000000000000000
0.00000000000000000000
0.00000000000000000000
0.00000000000000000000
0.00000000000000000000
0.00000000000000000000
0.00000000000000000000
0.00000000000000000000
0.00000000000000000000
0.00000000000000000000
0.00000000000000000000
0.00000000000000000000
0.00000000000000000000
0.00000000000000000000
0.00000000000005927991
0.00000000000000000000
0.00000000000000000000
0.00000000000000000000
0.00000000000026630183
0.00000000000000000474
0.00000000000000000000
0.00000000000000000000
0.00000000000006945198
0.00000000000000000000
0.00000000000026755609
0.00000000000000000000
0.00000000000004916851
0.00000000000000000000
0.00000000000000035119
0.00000000000003208568
0.00000000000026675112
0.00000000000000000000
0.00000000000000000000
0.00000000000000000000
0.00000000000000043317
0.00000000000000000000
0.00000000000007332154
0.00000000000025603486
0.00000000000000000000
0.00000000000026557103
0.00000000000000000000
0.00000000000000000000
0.00000000000004799147
0.00000000000000000000
0.00000000000021958168
0.00000000000000000000
0.00000000000026641350
0.00000000000026813504
0.00000000000000000000
0.00000000000026273377
0.00000000000000000000
0.00000000000019820033
0.00000000000000000000
0.00000000000026900257
0.00000000000026773808
0.00000000000026674202
0.00000000000000000000
0.00000000000000000000
0.00000000000000000000
0.00000000000000000000
0.00000000000000000000
0.00000000000015845924
0.00000000000000000000
0.00000000000000000000
0.00000000000000000000
0.00000000000026766496
0.00000000000000000000
0.00000000000025966348
0.00000000000000000000
0.00000000000026345739
0.00000000000000242723
0.00000000000000000000
0.00000000000000000000
0.00000000000026926806
0.00000000000000000000
0.00000000000000000000
0.00000000000000000000
0.00000000000021624021
0.00000000000000000000
0.00000000000000000000
0.00000000000023320728
0.00000000000000000000
0.00000000000026109295
0.00000000000000000000
0.00000000000026961527
0.00000000000000000014
0.00000000000026941412
0.00000000000000000000
0.00000000000000001226
0.00000000000023939429
0.00000000000000000000
0.00000000000000000000
0.00000000000000000000
0.00000000000000000000
0.00000000000024900574
0.00000000000015629658
0.00000000000000000000
0.00000000000025211163
0.00000000000000000000
0.00000000000000000000
0.00000000000026829330
0.00000000000000000000
0.00000000000000000000
0.00000000000000000000
0.00000000000013356299
0.00000000000000000000
0.00000000000000000000
0.00000000000000000000
0.00000000000000000000
0.00000000000000000000
0.00000000000000000000
0.00000000000026058583
0.00000000000009516083
0.00000000000000000021
0.00000000000026695302
0.00000000000000000000
0.00000000000000000183
0.00000000000000000000
0.00000000000026926744
0.00000000000000000000
0.00000000000000000000
0.00000000000026934899
0.00000000000000000000
0.00000000000000000000
0.00000000000005896764
0.00000000000000000000
0.00000000000000000000
0.00000000000000000000
0.00000000000000000000
0.00000000000000000000
0.00000000000000000000
0.00000000000000000000
0.00000000000000000000
0.00000000000026905545
0.00000000000000000000
0.00000000000000000000
0.00000000000000000000
0.00000000000000000000
0.00000000000000000000
0.00000000000000000000
0.00000000000026742592
0.00000000000000000000
0.00000000000000000000
0.00000000000000000000
0.00000000000021946408
0.00000000000000117727
0.00000000000026737746
0.00000000000000000000
0.00000000000025467727
0.00000000000000000000
0.00000000000026953104
0.00000000000000000000
0.00000000000000000000
0.00000000000000000000
0.00000000000026779740
0.00000000000000000305
0.00000000000000000000
0.00000000000000082939
0.00000000000000000000
0.00000000000026900619
0.00000000000026836178
0.00000000000000000000
0.00000000000026671171
0.00000000000000000000
0.00000000000000000000
0.00000000000000000000
0.00000000000026925881
0.00000000000000000000
0.00000000000000000000
0.00000000000000014919
0.00000000000000000000
0.00000000000000000000
0.00000000000000000000
0.00000000000000000000
0.00000000000000000000
0.00000000000000000000
0.00000000000000000000
0.00000000000000000000
0.00000000000000022371
0.00000000000000000000
0.00000000000000000000
0.00000000000000098678
0.00000000000000000000
0.00000000000000000000
0.00000000000000000000
0.00000000000005877712
0.00000000000022424246
0.00000000000000000000
0.00000000000000000000
0.00000000000000000000
0.00000000000000000000
0.00000000000020966094
0.00000000000000000000
0.00000000000025157894
0.00000000000000000000
0.00000000000026884884
0.00000000000004310057
0.00000000000026630371
0.00000000000026929840
0.00000000000000000000
0.00000000000026912523
0.00000000000026952282
0.00000000000025900060
0.00000000000000000006
0.00000000000026860086
0.00000000000000000000
0.00000000000000000000
0.00000000000025472352
0.00000000000000000000
0.00000000000026888166
0.00000000000000182091
0.00000000000024977540
0.00000000000012721738
0.00000000000020893722
0.00000000000000000000
0.00000000000004810833
0.00000000000023781401
0.00000000000017714771
0.00000000000000000000
0.00000000000000000000
0.00000000000000034574
0.00000000000006469013
0.00000000000000000000
0.00000000000000000000
0.00000000000022210210
0.00000000000000000000
0.00000000000000000000
0.00000000000026552971
0.00000000000000000000
0.00000000000026964879
0.00000000000000000000
0.00000000000000000000
0.00000000000025470290
0.00000000000000000000
0.00000000000000000000
0.00000000000000000000
0.00000000000000000098
0.00000000000024303959
0.00000000000000000000
0.00000000000018186441
0.00000000000005960919
0.00000000000000000000
0.00000000000010215779
0.00000000000000000047
0.00000000000013131181
0.00000000000000000000
0.00000000000000000000
0.00000000000000630362
0.00000000000000017443
0.00000000000018224653
0.00000000000000000000
0.00000000000000000000
0.00000000000026010686
0.00000000000015349255
0.00000000000000000000
0.00000000000000000000
0.00000000000026078949
0.00000000000000000000
0.00000000000000000000
0.00000000000000000000
0.00000000000000000000
0.00000000000000000460
0.00000000000001983343
0.00000000000000660540
0.00000000000007495961
0.00000000000014707388
0.00000000000000000000
0.00000000000000000000
0.00000000000008116232
0.00000000000000000000
0.00000000000013404194
0.00000000000000000000
0.00000000000000000000
0.00000000000000000000
0.00000000000000000000
0.00000000000000011910
0.00000000000000000000
0.00000000000000000000
0.00000000000026585814
0.00000000000000000000
0.00000000000000003516
0.00000000000000000001
0.00000000000000000000
0.00000000000012056910
0.00000000000000000000
0.00000000000000000000
0.00000000000000000000
0.00000000000000000000
0.00000000000026958108
0.00000000000000000000
0.00000000000026057058
0.00000000000023581407
0.00000000000000000000
0.00000000000000000000
0.00000000000025782962
0.00000000000000000000
0.00000000000000000000
0.00000000000000000000
0.00000000000000000000
0.00000000000000000000
0.00000000000000003589
0.00000000000000000000
0.00000000000026922122
0.00000000000026800154
0.00000000000000000000
0.00000000000000000000
0.00000000000000000000
0.00000000000000000000
0.00000000000000000000
0.00000000000000000000
0.00000000000000000000
0.00000000000008369081
0.00000000000021433744
0.00000000000000000000
0.00000000000000000000
0.00000000000000000000
0.00000000000000000000
0.00000000000025599599
0.00000000000000000000
0.00000000000021212138
0.00000000000000000000
0.00000000000026350367
0.00000000000000040031
0.00000000000026949692
0.00000000000023247053
0.00000000000000000000
0.00000000000001690881
0.00000000000000000002
0.00000000000026927932
0.00000000000000000000
0.00000000000000000000
0.00000000000000000000
0.00000000000000000000
0.00000000000000000000
0.00000000000000000654
0.00000000000026939904
0.00000000000000000000
0.00000000000000035932
0.00000000000000000000
0.00000000000025289619
0.00000000000026809069
0.00000000000026906866
0.00000000000000000000
0.00000000000000000000
0.00000000000000000000
0.00000000000000160410
0.00000000000000000000
0.00000000000000000000
0.00000000000000000000
0.00000000000026694190
0.00000000000000000000
0.00000000000000000000
0.00000000000025920436
0.00000000000000000000
0.00000000000000702481
0.00000000000000000000
0.00000000000000000000
0.00000000000000000000
0.00000000000000000000
0.00000000000000000000
0.00000000000026078875
0.00000000000000090997
0.00000000000000000000
0.00000000000000000000
0.00000000000000000000
0.00000000000000000000
0.00000000000000000000
0.00000000000000000000
0.00000000000000000000
0.00000000000000000000
0.00000000000000000000
0.00000000000000000000
0.00000000000025317265
0.00000000000000000000
0.00000000000000000000
0.00000000000000019477
0.00000000000000000000
0.00000000000000000000
0.00000000000000000000
0.00000000000000000000
0.00000000000026043685
0.00000000000000000000
0.00000000000000000000
0.00000000000000000000
0.00000000000000000000
0.00000000000024438635
0.00000000000000000000
0.00000000000000000000
0.00000000000000000000
0.00000000000024881127
0.00000000000000000000
0.00000000000000000000
0.00000000000026292100
0.00000000000000000000
0.00000000000016814380
0.00000000000026937589
0.00000000000000000000
0.00000000000026831277
0.00000000000000781438
0.00000000000000000000
0.00000000000000033889
0.00000000000000000000
0.00000000000000000000
0.00000000000026830209
0.00000000000000000000
0.00000000000000041977
0.00000000000017583506
0.00000000000000000000
0.00000000000000112162
0.00000000000000000000
0.00000000000015646653
0.00000000000000000000
0.00000000000000000000
0.00000000000026373213
0.00000000000000000000
0.00000000000000000000
0.00000000000000000000
0.00000000000005594610
0.00000000000000000168
0.00000000000000000000
0.00000000000026900566
0.00000000000000000000
0.00000000000000000000
0.00000000000000000000
0.00000000000000000000
0.00000000000000000000
0.00000000000000000000
0.00000000000000016201
0.00000000000026929837
0.00000000000023416955
0.00000000000026907964
0.00000000000000000000
0.00000000000026831348
0.00000000000000000000
0.00000000000000000000
0.00000000000000000000
0.00000000000000000000
0.00000000000000000000
0.00000000000000000000
0.00000000000000000000
0.00000000000000000000
0.00000000000000000000
0.00000000000000000000
0.00000000000000002028
0.00000000000000000000
0.00000000000022869220
0.00000000000000000000
0.00000000000000000000
0.00000000000000000000
0.00000000000026939815
0.00000000000026329972
0.00000000000000000000
0.00000000000000000000
0.00000000000000000000
0.00000000000000000000
0.00000000000026887308
0.00000000000000000000
0.00000000000000000000
0.00000000000000000000
0.00000000000000000000
0.00000000000000000000
0.00000000000023571109
0.00000000000025054926
0.00000000000003524145
0.00000000000000000000
0.00000000000000000000
0.00000000000000000000
0.00000000000000000000
0.00000000000026267151
0.00000000000000000000
0.00000000000000000000
0.00000000000000034723
0.00000000000000000000
0.00000000000000000000
0.00000000000020495056
0.00000000000000000000
0.00000000000000000000
0.00000000000000000000
0.00000000000025091074
0.00000000000026541644
0.00000000000000000000
0.00000000000000000000
0.00000000000000000000
0.00000000000000000000
0.00000000000000000000
0.00000000000000000000
0.00000000000000000000
0.00000000000000000000
0.00000000000000000000
0.00000000000000204037
0.00000000000000000000
0.00000000000000077865
0.00000000000026500722
0.00000000000000000000
0.00000000000000000765
0.00000000000000000000
0.00000000000000000000
0.00000000000000000000
0.00000000000000000000
0.00000000000000000000
0.00000000000026967223
0.00000000000000000003
0.00000000000000000000
0.00000000000000000000
0.00000000000000000000
0.00000000000000000489
0.00000000000000000000
0.00000000000026021899
0.00000000000000000000
0.00000000000000000317
0.00000000000000000000
0.00000000000000000000
0.00000000000000000000
0.00000000000026957372
0.00000000000000000000
0.00000000000000000000
0.00000000000026432971
0.00000000000026890610
0.00000000000000000000
0.00000000000025900949
0.00000000000026944888
0.00000000000000000000
0.00000000000000000000
0.00000000000026682333
0.00000000000000084163
0.00000000000006676428
0.00000000000026898289
0.00000000000026961721
0.00000000000000000000
0.00000000000000000000
0.00000000000000000000
0.00000000000000000000
0.00000000000000000000
0.00000000000024666431
0.00000000000000000000
0.00000000000000000000
0.00000000000000000004
0.00000000000000000000
0.00000000000000000000
0.00000000000000000000
0.00000000000000000000
0.00000000000000000000
0.00000000000000000000
0.00000000000026488304
0.00000000000006416339
0.00000000000022824796
0.00000000000000000000
0.00000000000000000000
0.00000000000000000000
0.00000000000026958369
0.00000000000000000000
0.00000000000000000000
0.00000000000000064074
0.00000000000000000000
0.00000000000000000000
0.00000000000000780281
0.00000000000000000000
0.00000000000000000000
0.00000000000000000000
0.00000000000000000000
0.00000000000000000000
0.00000000000000000000
0.00000000000021834514
0.00000000000000000000
0.00000000000000000000
0.00000000000026357947
0.00000000000024916777
0.00000000000025264651
0.00000000000000000000
0.00000000000000000000
0.00000000000000000000
0.00000000000026956957
0.00000000000000000000
0.00000000000000000000
0.00000000000000000000
0.00000000000026844091
0.00000000000026796185
0.00000000000008232285
0.00000000000000000394
0.00000000000026861830
0.00000000000026498728
0.00000000000026814533
0.00000000000000000000
0.00000000000024083908
0.00000000000000000000
0.00000000000026822838
0.00000000000000003778
0.00000000000000000000
0.00000000000000000000
0.00000000000000000000
0.00000000000000000000
0.00000000000026843318
0.00000000000000000000
0.00000000000011215537
0.00000000000000000000
0.00000000000026891514
0.00000000000026733357
0.00000000000000000000
0.00000000000002014619
0.00000000000000000000
0.00000000000000000000
0.00000000000000000000
0.00000000000021588312
0.00000000000026966855
0.00000000000006073339
0.00000000000026887593
0.00000000000000000000
0.00000000000000000000
0.00000000000025415385
0.00000000000026518183
0.00000000000000817887
0.00000000000000000000
0.00000000000000000000
0.00000000000000000000
0.00000000000000000000
0.00000000000000000000
0.00000000000026091167
0.00000000000006018222
0.00000000000000000000
0.00000000000010168306
0.00000000000000000000
0.00000000000000000000
0.00000000000000000000
0.00000000000026482619
0.00000000000000109842
0.00000000000002124268
0.00000000000000000000
0.00000000000000000000
0.00000000000006012896
0.00000000000000000000
0.00000000000000000000
0.00000000000000000000
0.00000000000025449541
0.00000000000000000000
0.00000000000000000000
0.00000000000000000000
0.00000000000000028363
0.00000000000026588655
0.00000000000000000000
0.00000000000026955568
0.00000000000000000000
0.00000000000000000000
0.00000000000026776322
0.00000000000000000000
0.00000000000000971979
0.00000000000000000000
0.00000000000019195256
0.00000000000000000000
0.00000000000000000000
0.00000000000000000797
0.00000000000000000000
0.00000000000026758469
0.00000000000000000000
0.00000000000026935343
0.00000000000000000000
0.00000000000000000000
0.00000000000000000000
0.00000000000000000000
0.00000000000004552627
0.00000000000026880487
0.00000000000026962668
0.00000000000000094370
0.00000000000000000722
0.00000000000000000000
0.00000000000026838703
0.00000000000015084354
0.00000000000000000000
0.00000000000000000000
0.00000000000000000000
0.00000000000026961834
0.00000000000024124780
0.00000000000012312716
0.00000000000000000000
0.00000000000000000000
0.00000000000000000000
0.00000000000000000000
0.00000000000026960713
0.00000000000025481139
0.00000000000024835938
0.00000000000000000000
0.00000000000000000000
0.00000000000026582124
0.00000000000021320381
0.00000000000000000027
0.00000000000000000000
0.00000000000000000000
0.00000000000026964971
0.00000000000000000000
0.00000000000011161272
0.00000000000000000000
0.00000000000000000000
0.00000000000000127498
0.00000000000026776116
0.00000000000000000000
0.00000000000000000000
0.00000000000026922963
0.00000000000020372849
0.00000000000000000000
0.00000000000024582510
0.00000000000026721822
0.00000000000009205337
0.00000000000000000000
0.00000000000000089323
0.00000000000000000000
0.00000000000000000000
0.00000000000000000000
0.00000000000000000000
0.00000000000026830126
0.00000000000000000000
0.00000000000015245612
0.00000000000026552448
0.00000000000000000000
0.00000000000026703829
0.00000000000000000000
0.00000000000026336945
0.00000000000022262460
0.00000000000000000000
0.00000000000000000000
0.00000000000000000000
0.00000000000000000000
0.00000000000000000000
0.00000000000000000000
0.00000000000026849362
0.00000000000000000000
0.00000000000000000061
0.00000000000026827161
0.00000000000026909929
0.00000000000000000000
0.00000000000000000000
0.00000000000000000000
0.00000000000000000000
0.00000000000000000000
0.00000000000000000000
0.00000000000000000000
0.00000000000026291012
0.00000000000000000000
0.00000000000000000000
0.00000000000026647530
0.00000000000000000000
0.00000000000008138365
0.00000000000000000000
0.00000000000000000000
0.00000000000000000000
0.00000000000000000000
0.00000000000000000000
0.00000000000000000000
0.00000000000000000000
0.00000000000024155310
0.00000000000005467620
0.00000000000000000000
0.00000000000000000017
0.00000000000000000000
0.00000000000000045215
0.00000000000000000000
0.00000000000000000037
0.00000000000000000000
0.00000000000000590126
0.00000000000000000000
0.00000000000000000538
0.00000000000026902261
0.00000000000000000000
0.00000000000000000000
0.00000000000024412508
0.00000000000025476101
0.00000000000000035067
0.00000000000008452415
0.00000000000000000000
0.00000000000026856751
0.00000000000000000000
0.00000000000022535353
0.00000000000024660761
0.00000000000000000000
0.00000000000026735568
0.00000000000000217826
0.00000000000000000000
0.00000000000026922649
0.00000000000018785916
0.00000000000026947693
0.00000000000000000000
0.00000000000026359780
0.00000000000000000000
0.00000000000000000000
0.00000000000026056131
0.00000000000000000000
0.00000000000000000000
0.00000000000026553866
0.00000000000000000000
0.00000000000026450153
0.00000000000000000000
0.00000000000000000000
0.00000000000000000000
0.00000000000000000000
0.00000000000025162247
0.00000000000022659813
0.00000000000000000000
0.00000000000025903151
0.00000000000000000000
0.00000000000000000000
0.00000000000000000000
0.00000000000000000000
0.00000000000026567376
0.00000000000000000000
0.00000000000023811410
0.00000000000000000000
0.00000000000000000000
0.00000000000000000000
0.00000000000026075222
0.00000000000000000000
0.00000000000000000000
0.00000000000000000000
0.00000000000000000000
0.00000000000000000000
0.00000000000025577069
0.00000000000026933116
0.00000000000000000000
0.00000000000000000000
0.00000000000026957186
0.00000000000002158538
0.00000000000023872658
0.00000000000014494230
0.00000000000000000000
0.00000000000000000000
0.00000000000000000000
0.00000000000000000000
0.00000000000026381226
0.00000000000026868996
0.00000000000000000000
0.00000000000002457888
0.00000000000000000000
0.00000000000000000000
0.00000000000007635616
0.00000000000026911934
0.00000000000000000000
0.00000000000018837685
0.00000000000000005310
0.00000000000026815921
0.00000000000000061598
0.00000000000000000000
0.00000000000000000000
0.00000000000000000000
0.00000000000000000000
0.00000000000000000000
0.00000000000000000000
0.00000000000000000000
0.00000000000000000000
0.00000000000000000000
0.00000000000011827978
0.00000000000000000000
0.00000000000000000000
0.00000000000000000000
0.00000000000026379572
0.00000000000026100184
0.00000000000000000000
0.00000000000000000000
0.00000000000026900222
0.00000000000000000000
0.00000000000012720940
0.00000000000000551394
0.00000000000000000000
0.00000000000000000000
0.00000000000000000000
0.00000000000000000000
0.00000000000000000000
0.00000000000000000000
0.00000000000000000000
0.00000000000000000000
0.00000000000000000000
0.00000000000000000000
0.00000000000000000000
0.00000000000000000000
0.00000000000000000000
0.00000000000026845659
0.00000000000000000051
0.00000000000000000000
0.00000000000000000000
0.00000000000000786312
0.00000000000000000000
0.00000000000000000000
0.00000000000000031578
0.00000000000000000000
0.00000000000000000000
0.00000000000000000000
0.00000000000016990485
0.00000000000000000000
0.00000000000018796978
0.00000000000000000000
0.00000000000000553734
0.00000000000000000000
0.00000000000010778395
0.00000000000000000000
0.00000000000024267833
0.00000000000026026369
0.00000000000014113198
0.00000000000000000000
0.00000000000000000000
0.00000000000026965754
0.00000000000000000000
0.00000000000000000000
0.00000000000000000000
0.00000000000000000000
0.00000000000000000000
0.00000000000000000000
0.00000000000000110730
0.00000000000000000000
0.00000000000000000000
0.00000000000000000000
0.00000000000019373279
0.00000000000000000000
0.00000000000003805769
0.00000000000000404370
0.00000000000000000000
0.00000000000011252309
0.00000000000000000000
0.00000000000000000000
0.00000000000025800579
0.00000000000000000000
0.00000000000000692547
0.00000000000026614699
0.00000000000002654850
0.00000000000021146839
0.00000000000000000000
0.00000000000000220708
0.00000000000000000000
0.00000000000001495577
0.00000000000026929278
0.00000000000000000000
0.00000000000000000000
0.00000000000000000000
0.00000000000000000000
0.00000000000026553085
0.00000000000000000000
0.00000000000000000000
0.00000000000021863362
0.00000000000012318890
0.00000000000000156593
0.00000000000026668592
0.00000000000000000000
0.00000000000000000000
0.00000000000000000000
0.00000000000000000000
0.00000000000000000000
0.00000000000000000000
0.00000000000000000000
0.00000000000025353535
0.00000000000000000000
0.00000000000023839079
0.00000000000000000000
0.00000000000000000065
0.00000000000000000065
0.00000000000000000000
0.00000000000024174946
0.00000000000024155824
0.00000000000000000000
0.00000000000000000000
0.00000000000000000000
0.00000000000005496420
0.00000000000010013007
0.00000000000000000000
0.00000000000000000000
0.00000000000000000000
0.00000000000000142421
0.00000000000014291120
0.00000000000026967942
0.00000000000000000000
0.00000000000026401221
0.00000000000026934049
0.00000000000000388055
0.00000000000000000000
0.00000000000000000000
0.00000000000026254961
0.00000000000026964282
0.00000000000011425213
0.00000000000000000000
0.00000000000002376152
0.00000000000000000108
0.00000000000000000201
0.00000000000000000000
0.00000000000000821155
0.00000000000003945886
0.00000000000026938960
0.00000000000026484717
0.00000000000000000000
0.00000000000000008704
0.00000000000011239402
0.00000000000000000000
0.00000000000000000000
0.00000000000001150902
0.00000000000000000000
0.00000000000000000000
0.00000000000000000000
0.00000000000000000000
0.00000000000001822743
0.00000000000000000000
0.00000000000000000000
0.00000000000000000000
0.00000000000000000000
0.00000000000026025661
0.00000000000000000000
0.00000000000026791563
0.00000000000000000000
0.00000000000025480062
0.00000000000022497854
0.00000000000000000000
0.00000000000000029833
0.00000000000000000000
0.00000000000000000000
0.00000000000000000000
0.00000000000000000000
0.00000000000000000000
0.00000000000020351965
0.00000000000000000000
0.00000000000026895038
0.00000000000000000000
0.00000000000000000000
0.00000000000000000000
0.00000000000012803285
0.00000000000000000000
0.00000000000022282281
0.00000000000000008955
0.00000000000000000000
0.00000000000026310457
0.00000000000000000000
0.00000000000023771330
0.00000000000000000000
0.00000000000000000000
0.00000000000026943340
0.00000000000000000000
0.00000000000000000000
0.00000000000000000000
0.00000000000000000864
0.00000000000000000011
0.00000000000000000000
0.00000000000000000000
0.00000000000000000000
0.00000000000026772780
0.00000000000000000000
0.00000000000005656080
0.00000000000025997765
0.00000000000000000000
0.00000000000004527672
0.00000000000000002070
0.00000000000000000000
0.00000000000016519261
0.00000000000000000000
0.00000000000000000000
0.00000000000002628874
0.00000000000000000000
0.00000000000026592725
0.00000000000000000000
0.00000000000001035390
0.00000000000000000000
