0.00000000000000000000
0.01694902463665569695
0.00473018248557295976
0.00000002039998356140
0.01488510230146521986
0.01489396223380278980
0.00001312637554021558
0.00000000000000000000
0.00000000544197982301
0.00000000003383619756
0.01515139411595755811
0.01520949160009336422
0.00000006837281224623
0.00006119768732975953
0.01488057094432828145
0.00000000786571098903
0.01639700683014005955
0.00000000000000000000
0.00000000000000000002
0.01674205707658475359
0.00000000000000000000
0.00000000000000000000
0.00000000000000000000
0.01490855908225164998
0.00000000000000000000
0.00000932867643996472
0.00089173962491456205
0.01492686098434569363
0.00000000000000000000
0.01592109729223463443
0.00000000000000000000
0.01549661289970349735
0.00000000000000000000
0.00000000000000000000
0.01495212818989718508
0.00000000000000416507
0.01488468653942572571
0.00000000000000000000
0.00000000000000000000
0.00000000000000020756
0.00000000007085118701
0.01597027588257834627
0.00434362836743123863
0.01401272021828878223
0.00000000000000000000
0.00000000000000000000
0.00000000000000000005
0.00062028548892711010
0.00000000000000000000
0.00000000000000000000
0.00000000000000000000
0.00000000000000000000
0.00000000000000000000
0.00000000000000000000
0.01669456271120559054
0.00006481349180154272
0.01568324991758152445
0.01489255534203362367
0.00001559018233267246
0.00000000000697951076
0.01490801304776507609
0.01527403034706372766
0.01488517413692700894
0.00000000000000000000
0.00000000000000000000
0.00000000000000000000
0.01490777377361456567
0.01501006466321018647
0.00000000000000000000
0.01612194257938540792
0.00491770130079328786
0.00000000000000000000
0.00000000000000000000
0.00000000000000000000
0.00000000000770076253
0.01488396815449167208
0.01042091231116893529
0.00000000000000000000
0.01420804262753208244
0.00001369584773252707
0.00594594991267016239
0.00000000000000000000
0.00000000000000000000
0.00000000000000000000
0.01488518204665892873
0.00000177102095659643
0.01489538873716202139
0.00000000000000000000
0.01515393238385821274
0.00000000000000000000
0.01223926632250247996
0.01488755403758546501
0.01488556051207333246
0.01489120800749080611
0.01488553900354578317
0.00000000000000000000
0.00000000000000000000
0.01488518203987279805
0.00100514708019973646
0.00000023137561296832
0.00024595936951205341
0.01488428426688003306
0.01547251633292482352
0.01488497328252964477
0.01490251141683335279
0.01508362450093659810
0.00000000000000000000
0.00000000000000000000
0.00000000000083615373
0.01671479884264863436
0.00000000000000002137
0.01489388812392561726
0.01256658755056869539
0.00000000000000000000
0.00000000000000000000
0.00000000000000000000
0.01494919197867453607
0.00000000000000000000
0.00000014833140683093
0.00880137512709868765
0.00000000000000000223
0.01552182127228290791
0.00020581799968105195
0.00000000000000000000
0.00000002518124624363
0.00000000000000000000
0.00000000000000004362
0.00000000000000000000
0.00000381467883525576
0.00000000000000000000
0.00000000000000000000
0.01488309219507238240
0.01628191317128692070
0.01565311817531311531
0.00000000000000000000
0.00039855632556561624
0.00000000000000010040
0.01515445559467929089
0.01488517330760036166
0.00000000000000000000
0.01488514088892670811
0.00000003984943728623
0.01489823851772105988
0.00000000000000000000
0.00000000000000000000
0.00000014736915951222
0.01488494983104367807
0.00000000000000000000
0.01536625502647977030
0.00000000000000000000
0.00985231051005303581
0.00000000000000000000
0.01488515384188717795
0.00000000000000000000
0.01488192888248996391
0.00000000000000000000
0.01488377110060148771
0.00000000000000000000
0.01488589214870150550
0.01546944220211208566
0.01488140290284932499
0.01489861999716149930
0.01488501473400843586
0.00000000000000000000
0.01489442348868362694
0.00000000000000000000
0.00000000000000000000
0.00132292207938607110
0.00000000000000000000
0.01488858666192939377
0.01491322907853684723
0.00000000000000000000
0.01488739265348387741
0.01536483370516891593
0.00000000000000000000
0.00000575075835639075
0.01416376002222308368
0.00008544403066322823
0.01501946983385006769
0.01488425139001760440
0.00000000000000000000
0.01670117765117672473
0.01488204934738796871
0.00000002627381941280
0.01490845040175344666
0.00000000000000000000
0.01501554251849504529
0.01688939302929343481
0.00000000000008934323
0.00000000000338389673
0.01713111911192088596
0.01709759477239896144
0.00000000000000000000
0.00000000064760355955
0.01744373711607409561
0.00014047860131642366
0.00000000000000000000
0.00000000000000000000
0.01421059744958540205
0.01488452144908066627
0.01513452958723210395
0.00000000050268217482
0.00000000000000000000
0.00000000000000000000
0.00000000000000000000
0.00000000000000000000
0.01712229980688254050
0.01498807128673688115
0.00000000000000000000
0.00000000000000000000
0.01489061482451362224
0.01741512396905264132
0.01490004020873588950
0.00000000000000000000
0.01570795358410621151
0.00000000000000000000
0.01488549824481558322
0.01489991809680278785
0.00000000000000000000
0.01489461939359519420
0.01529202953493531518
0.01506641114431851031
0.01489583185518189926
0.00000000000000000000
0.00002382221621209452
0.01489650798440151497
0.00010444533917972129
0.00428911663865540020
0.01512830828679936554
0.00000000000000000000
0.01687826042709261037
0.01491571325347407391
0.01493116871890090569
0.00000000000000000000
0.00028952639446726356
0.01486296602842409123
0.00000000000000000000
0.00000061890662825997
0.01488822452429848162
0.01490731217808153979
0.01488184339516785554
0.01543657071056661438
0.00000000000000000000
0.01670661567169668196
0.01489875973427963810
0.00000000000000000000
0.00002701464170270204
0.01727455508192799263
0.01488369828488074476
0.00000001680846985972
0.01488299279628274054
0.00018334569051282936
0.01679828462646911977
0.00000000000000000000
0.01697545395934201354
0.01488436225593559904
0.01488512055503307847
0.01019429488073167293
0.00000000000000000000
0.00859644029135532561
0.01488250617569593023
0.01653558792326145430
0.00000000000000000000
0.00000000495430458696
0.00000000000000000000
0.01579878585626723689
0.00000000000000000000
0.00000000000000000000
0.01495006437597740621
0.01584493783012292517
0.00000000000000000000
0.01499617817629312483
0.00000000000000000000
0.01516844822101072986
0.00000000000000000007
0.00000000000000000000
0.01488474992472183997
0.01489303072902573022
0.01567583776701706941
0.01488599370900393556
0.01488569345437537259
0.01524310489703962698
0.00000000000000000000
0.00000000000000000000
0.01713703680371600827
0.00000000000000000000
0.00000000000000000000
0.00000000000000000000
0.00834354982640302979
0.01499614011214078779
0.00000000000000000000
0.00000000000000000000
0.00475081430247602590
0.01583396332430479780
0.01490909925141620934
0.00000000000000000000
0.00483206865321755049
0.00000000000000000000
0.00000000000000000000
0.00000000076547565611
0.00000000000000000000
0.00826293499787726302
0.00000000000000001526
0.01489711654810549520
0.00000002333238054623
0.00000000000000000000
0.00169592358409293049
0.00000000000000000000
0.01489724259805346243
0.01488595109121049025
0.01697170958992991543
0.00000000000000000006
0.00000000007235614928
0.01488492380350247245
0.00000000000000000000
0.01002876006133250099
0.01511186193886709418
0.00000000000306686722
0.00000000000000000000
0.01489778522121094906
0.01765176994302452076
0.01399858585968145538
0.01488429841311817749
0.01513553541903543860
0.00991506855043197861
0.01421617462386517462
0.00000000000000000000
0.01488588291420353885
0.00000000000000000000
0.00000000000000000000
0.00000000000000000000
0.01503573397047120591
0.01510952964417938867
0.01489433758623294121
0.01488534370559987767
0.00000000000000000000
0.01536444037745869282
0.00000000000000000000
0.00000000000000000000
0.00000000000000000000
0.00000000081052913940
0.00000000000000000000
0.01510547887080081544
0.01489470329775908174
0.01513046443834109404
0.00000000000000000000
0.01489759350880546888
0.00000000000000000000
0.01606497094165750331
0.01488830247712597324
0.01685651302415483790
0.00000000000000000000
0.00000000000000000000
0.01488636414040032767
0.00000000000000000000
0.00000000000000000000
0.01492058111394693742
0.00000000000000000000
0.01500028370643008251
0.01558197357597296100
0.01488424202362579121
0.01488489424928379073
0.01125588383206590527
0.01488855666680600869
0.00572637640857247103
0.00000000000000000000
0.00000000000000000000
0.00000280765383659021
0.01737589140454907227
0.01541859964268459462
0.00000007666581693856
0.00000000000000000000
0.00000000000000000000
0.01207675727523248137
0.00000000000000000000
0.00764833407893662429
0.00000000000000000000
0.01523622066517253855
0.01488796363673765277
0.00000000000000000000
0.00000000000000000000
0.01726673604699580783
0.01488633424809269329
0.00000000000000000007
0.01510630550505594714
0.00000000000000000000
0.01488559015852106149
0.01488473490262314305
0.01488654416086973922
0.01488520608617100414
0.00395959110189834929
0.00000000000000000000
0.00031754413553366069
0.01488537640340853799
0.00000000000000000000
0.00000000000000000000
0.01488447003704032601
0.01318879923919542493
0.00000000000000000000
0.00000000003037760346
0.01488375594115532233
0.01498698201794796889
0.00000000000000000000
0.00000000000000000000
0.00000000000000000000
0.00000000000000000000
0.01489236254656016098
0.01491922777318020234
0.00000022444271656447
0.00000000000002053495
0.01488849350878036423
0.00000000000000000000
0.00000000000000000000
0.00000000000000000000
0.01488497443725456983
0.00000000000000000000
0.01488481541673329286
0.01635363306507452499
0.00000000000000000000
0.00000000402057356448
0.01488311912428424283
0.01488461821492473476
0.00000000000000000000
0.01531801929749674468
0.00000000000005216453
0.00000000000000000000
0.00000000000000000009
0.00000000000326546940
0.01490275799809141072
0.01624277860077449551
0.01743423103088551085
0.00000000000000000000
0.01488503551440336151
0.01491528409772776773
0.00000000000000000000
0.01597214089625425062
0.00000000000000000000
0.00000000000000000000
0.00000000000000000000
0.00000000000000000000
0.01488339468135137060
0.01488295507797524411
0.01703062372467935986
0.00000000000000000000
0.01490418571247437152
0.01494454972242600065
0.01488510887692301270
0.00000000000000000000
0.00877299861143132458
0.01489853518642843266
0.00000000000000000000
0.01577982238201683027
0.01379294205861471799
0.00295986227782855677
0.00000000000000000000
0.01488454224072385292
0.00384371301692322705
0.01632581774605446068
0.01496082601463140545
0.00000000000000000000
0.00000000000000000000
0.00000000000000003815
0.00781977875263941032
0.00000000000000000000
0.00000000000000000000
0.00000000000000000000
0.00000000000000000000
0.00000000000000000000
0.00000000000000000000
0.01488761914629199365
0.00000000001622850585
0.00000000000000000000
0.00786662678870147895
0.01637175552838970177
0.01476367527511919520
0.01381430495498282666
0.00162075325470290911
0.00765039361806729018
0.01343558891667266837
0.01421471582669607027
0.01729712467642531559
0.01488644772288456528
0.00000000000000000000
0.01488506630793579553
0.01488244813564885798
0.00000000000000000000
0.00000000000000000000
0.00000000000000000000
0.01488763471478972249
0.01492521457339663314
0.00409740673289428654
0.00000000000000000000
0.00000000000000000000
0.01325630204281524893
0.00000000000001262342
0.01516443320386000500
0.01489856073096978289
0.00000000000000000000
0.01497693994405442999
0.01529820632923240518
0.01491121946746608480
0.00000000000000000000
0.01374047362158776521
0.01654542155332034553
0.01488290205720988434
0.00000000000000000000
0.00000000000000000000
0.01012482172993676641
0.01527908832084228126
0.01498417636168908676
0.01488462921175306292
0.01489378765210685671
0.01560331092969867092
0.00000000538595690370
0.00000000000000000000
0.00000000000000000000
0.01488489925257954066
0.01488926707272393395
0.00000000000000000000
0.01519315996501971640
0.01488333785883784975
0.00000000000000000000
0.00135551463871593490
0.01702629230431939103
0.01490769327942269643
0.01230548851038692527
0.00000000000000000000
0.00000115862444662470
0.00000000000000000000
0.00000000000000000000
0.01488554247887907342
0.00000000000001685443
0.01699826367219572920
0.01488812059933961041
0.00000000000000000000
0.01500380271726322635
0.00000000000000000000
0.01488286745185744483
0.01488428910543055164
0.01489451305405128413
0.00000000000000000000
0.01488557082122280405
0.00000003087192126280
0.01297014211329372037
0.00000000000000000000
0.00000000000000000000
0.00000000000000000000
0.00000000000000000000
0.01488533230631231517
0.00000126650659195657
0.00000000000000000000
0.00000000000000000000
0.00000000000000000000
0.00000000000000000265
0.01631225042336738318
0.00000000000000000000
0.00000000000000000000
0.00000000000000000000
0.00000000000000000000
0.00000000000000000000
0.01488496088104419683
0.00142017976837579890
0.01528302986492876929
0.01488521852198760632
0.00000000000000000000
0.00000000000000000000
0.00000000000000000000
0.01250615619145191600
0.01038059976154063341
0.00000000000000000000
0.01643279439283539325
0.01587907443164212479
0.00000000000000649573
0.00000000000000000000
0.01488468042635471972
0.00014109903904309981
0.00825564493842262381
0.01496252046872349750
0.00000000000000000000
0.00000000000001098703
0.00000000001109717299
0.00000000000000000000
0.00000031535735736353
0.01677213918115881899
0.01488242615930094291
0.01488622215602477747
0.01488901232401763572
0.01759668504245254228
0.00000000000000003673
0.01490343044909463351
0.01488189897423165126
0.00000099585361611580
0.00000000004284820813
0.00000000000000000005
0.01763415462840019557
0.00000000000000000000
0.00000000000000000001
0.00000001595765608839
0.00000000000796858098
0.01488279241153249617
0.00000000000000000000
0.00000000000000000002
0.00000000000000000000
0.01758568552242805241
0.00000000000000000000
0.00000000000000000000
0.01488413022384865551
0.00000000000000000000
0.00000000000000000000
0.00000000000000000000
0.00468579625206234397
0.00000000000000000000
0.00000000000000000000
0.01489338405834071503
0.01502582307599681540
0.01495781842335029872
0.00000000000000024315
0.00155032675266422921
0.00000000000000000000
0.00000000000000000000
0.00000000000000000000
0.01488491900985086137
0.00000000000000000000
0.01512434294730693844
0.00000000000000000000
0.00000000000000000000
0.01488454443124561689
0.00024559267120807354
0.00000000000000000000
0.01672555269343284010
0.00960789983147654694
0.01493421392889076812
0.01618490792870214481
0.00000000000007646923
0.00000000000000000000
0.01632963614404893057
0.00000000000000000188
0.01491762726817972770
0.00000000000000000000
0.00000000000000000000
0.00000000000000000000
0.01681941301843787456
0.00000000000000000000
0.00000000000000000000
0.00000000024955750790
0.01504556401455294824
0.00000000000000000000
0.01488326959720993881
0.00000000000000000000
0.00000000000000000000
0.00000722510975682478
0.00000000000000000000
0.00000086348602408763
0.01726188600118226321
0.01642598412540946864
0.01488246249018825886
0.01555357991580434696
0.00000000000000000000
0.00288348047572512282
0.00000000000000000000
0.00000000000000000000
0.00000000000000000000
0.00000003499418834090
0.00000000000000000209
0.01597652214162106205
0.01488525574489365372
0.01530333408400836974
0.00000000000000000000
0.01488748512148835995
0.00000000000000000000
0.00000000000014694842
0.00000000000000000691
0.00000000000000000000
0.00000000000000002768
0.01527462320075450783
0.00000000000000000000
0.00657776392283919258
0.01491194149115135717
0.00004419439659029023
0.00000013567197749189
0.01240567010837821151
0.01488499971492158146
0.00050919006591693887
0.00000000000000000000
0.00000001349436439510
0.01530251405390728285
0.00000000000000405994
0.01503289093068903640
0.01195302127360184374
0.00000000000000000000
0.00000000000000000000
0.01512783455987308859
0.00000000000000000000
0.01488791749120261035
0.01488605830976036729
0.00000000000000000000
0.01526561941914602975
0.01393496727437466484
0.00408144137377511058
0.01470997900276928630
0.01488528900037359819
0.01524568654709163723
0.00151469454470037597
0.01490158113345683120
0.01493687648416932440
0.01097869958586655294
0.00672359321243414399
0.01501600671296285730
0.01488879105372889131
0.00000000000000000000
0.01488459355794888653
0.00197346852528424831
0.01488450407938877833
0.01488521000750106689
0.00000000029630853121
0.00000000000009997974
0.01489902238055104342
0.00000000000000000000
0.01488189955223135838
0.00000000000000000000
0.00000000000000000000
0.01495587487476415962
0.01530108011700147957
0.01345837307136454712
0.01436588388829080840
0.00000000000000000000
0.00000000000000000000
0.00004496917222163822
0.00124128061830598279
0.00000000000000000000
0.00000000000000000000
0.00000000000054662947
0.00000401357553629018
0.01499819102082857770
0.01538418815681200612
0.00000067450763522305
0.01488300808065124055
0.01561181532725339563
0.00000000000000000000
0.00000000000000000000
0.00000000000000000000
0.00906790815549954159
0.00000000000000000000
0.00286538440530877386
0.01497006142109970697
0.00209943976892920138
0.01490598242341204666
0.01755756108531368598
0.01544141106724983281
0.01488427768113632574
0.00000000000000477337
0.01601275220156089460
0.01507009289101762968
0.01564584621480423141
0.01397893575322553886
0.01513267813808385522
0.00000000000000000000
0.01706315617002327617
0.01519297644628491567
0.00000000000000113404
0.00281793140726945609
0.01499533259834035827
0.00000000000000000000
0.00000000000000000000
0.01488491061077075808
0.00048300901991890031
0.00839756116254324579
0.01493609824979193548
0.00098194048447084641
0.00000000000000000000
0.01488514774886467648
0.01503314767785931053
0.01488489109940203947
0.00000000000000000000
0.00000000000000000000
0.00000000000000000000
0.00424199815512229898
0.01573266113407686614
0.01755544822043666672
0.00000000000000000000
0.00000000000000000006
0.00000000000000000000
0.00000000000000011131
0.00000000000000000000
0.00000000000000000397
0.00015019049139310188
0.00000000000000000000
0.00937097403655741575
0.01503312840037879065
0.01488298219265425833
0.00000000000000000000
0.01488487167000076238
0.00000000000000000000
0.00000021259949938441
0.01488519889386206649
0.00000804290251797445
0.01490219634939073286
0.01496880014430775757
0.01488495953772195173
0.00000000000000000000
0.01651786371684206556
0.00000000000000000000
0.00000000000000000000
0.01489111862210340531
0.00000001022592027580
0.01527429701842464467
0.01706300550392147314
0.00325406905017493111
0.01505517212380585133
0.00000181822928258322
0.01488850660174203741
0.00000000000000000000
0.00000000000000000000
0.00058605717162412210
0.00000000030646041946
0.00000000000000000000
0.00000000000000000000
0.00000000000000000000
0.01488458677997726159
0.01409969552376955440
0.01258656370984642149
0.01550118919169066710
0.00000000000000000000
0.01488395419425724009
0.01491617041022851725
0.00000000000000000000
0.01486309175071413337
0.01515441737892079394
0.01493160116029980389
0.01703323785830484008
0.01721224695174717115
0.01488338335275526947
0.01489945238539508617
0.00000000000000000000
0.00000000000000000000
0.01488507419767207650
0.00000000000000000000
0.00000000000000000000
0.01488584852804218477
0.00000000000000000000
0.00000000000000000000
0.01601859748934095218
0.01521939711846776247
0.00000000000000000000
0.01488186843359177655
0.00000000000000000000
0.00000000000000000000
0.00000000000000000000
0.01121018320481719302
0.01498032366765653621
0.00556039874117903506
0.01500270182549408998
0.00000000000000000000
0.00000000000000000000
0.01303234703559899219
0.01513437586588900485
0.01396781526390771140
0.00000000000000000000
0.00000000000000000000
0.00000000000000000000
0.01622991544855832344
0.01659953702899645209
0.00000000000000000000
0.00001719463982405009
0.00349906712397012954
0.01464237986225351042
0.00000001296808337848
0.00000000000000000000
0.00000000000000000000
0.00000000000000000000
0.01488494615775122487
0.00000000000000000000
0.01488456164316873283
0.01492906654701441592
0.01488592409102595937
0.01488952305500148947
0.01717296773911572427
0.01488562265380668180
0.00054219235366021086
0.00000680551883742103
0.01314991288882877245
0.00000036408241835258
0.00006125361323638130
0.00807336148485632114
0.00000000000000000000
0.01512813883865904256
0.00000000000000000000
0.00005348444432102454
0.01488450031635526680
0.00000000000000000000
0.01488236213690345873
0.00000000000000000000
0.00000000000001155797
0.01488509665396344113
0.00570868227541241908
0.00000000000000000000
0.00000000000000000000
0.00013219544740593705
0.00424515003828835301
0.00007574547348759469
0.00000000000000000000
0.00000000000000000000
0.00000000000000000000
0.01489209637894648060
0.00000000000000000000
0.00000000000655740822
0.01489445475664526522
0.01488531116637040533
0.01413005595198256470
0.00000000000000003525
0.00000000000000000000
0.00490938086746600753
0.00000000000000000000
0.01509991548378574952
0.01659332455179671553
0.00000000000000000000
0.01489126974898770904
0.00014544832555231778
0.01488165000483641053
0.00000000000000000042
0.01488540320088306904
0.01488501228133391405
0.01546494866279549824
0.00035941781913712532
0.01497672648571755222
0.00000000000000000000
0.01488497317097367025
0.01488310053215637606
0.00000000000000000000
0.00000000000000000000
0.00000000161581666762
0.01379635503527624173
0.00000000229058901411
0.00000000000000000000
0.00000000000000000000
0.01498480001024090659
0.00080896805055643921
0.01521770023078554586
0.00000000000000000000
0.00000000000000000000
0.00000000000000000000
0.00000000213907927085
0.01724088810987270404
0.01501032336698042424
0.00000000000000000000
0.01492578289156622044
0.01488519338461961015
0.00000000000000000000
0.00000000000000000000
0.01427251327339700351
0.00000059526294226721
0.00909482251393035901
0.00000000000000000000
0.00000000000000000000
0.00000000000000000000
0.00000000000000000000
0.00000004184940855868
0.00000271216999902818
0.00000000000000000000
0.00000000000000000000
0.01622749731264339773
0.01430973043354486982
0.00000000000000000000
0.01283241933108487422
0.00000139172180590877
0.00106187121605948024
0.00000000000000000000
0.01494349966739451190
0.00011695522901994317
0.00000000000000000017
0.00000000000000000000
0.00035797226888950487
0.00000000000000000000
0.01503156924540736614
0.00082909632823443646
0.01498331867066373356
0.00000000000000000000
0.01508329574298026762
0.01733436296595404838
0.01491297617668574556
0.00000000000000000337
0.00000000000000000000
0.00000000000000000000
0.00092865501012367319
0.00000000000000000000
0.01732639278116066342
0.01489795178491144616
0.00000000000000000000
0.01488521326059100147
0.00000000000000000000
0.00000011748719361255
0.01494085327888612300
0.00000000000000000000
0.01488350112988507008
0.00000000000000000000
0.01494683465291783871
0.01488478488652458104
0.00000000000000000000
0.01540586984819690940
0.00000000000000000141
0.01489102554466885213
0.00000000000000000000
0.01489983764146905754
0.01499719273117718424
0.01516011300308911514
0.00000000000000000000
0.00000000000000000000
0.00000000000000000000
0.00000000000000000000
0.00063885656536092478
0.01582086016084518348
0.00000000000000000000
0.00015109613620251493
0.00695634415758430557
0.01488724500135478468
0.00000000000000000000
0.01643582353831684814
0.00000000000000000000
0.01490086524249861419
0.01556502497163810873
0.00000000000000000000
0.00000000000000000009
0.01488861141523369069
0.00000000000000000000
0.00000000000000000000
0.00000000000000000000
0.01677972709201528898
0.00000000000000000000
0.01553734979040426699
0.01700656655301330950
0.00000000000000000003
0.01488642240544103129
0.00000000000213673477
0.01488515578989658278
0.01505495304975344902
0.01488907111714145651
0.00362596386126756015
0.00383805778861507621
0.01529819774517628822
0.00000000000000000000
0.00000000152960270987
0.01541525845066576625
0.00000000000000000000
0.01489059198194609031
0.01542251474942686953
0.01137932722519684019
0.01682491915669451221
0.00000000000000000000
0.00000000000000000000
0.01498696526087964394
0.00000000008683487248
0.00000000000000000001
0.00000000000000000000
0.01712812069111054394
0.00000000000000000000
0.00000000000000000000
0.00000000000000000000
0.00000000000000000000
0.00000000000000000000
0.00000094752878026677
0.01488744244250112501
0.00255504204998387857
0.01494607531162431280
0.01488753993450022718
0.00000000000000000000
0.01731511684905862741
0.00000000000000000000
0.01488495161857116174
0.01491029212762210072
0.01374698106564191391
0.01488498272197205999
0.00482879412319926326
0.00000000000000000000
0.01488388958616620149
0.00000000000000000000
0.00000000000000000000
0.00000000000000000000
0.00000000000000000000
0.00000000000000000000
0.00000000000000000000
0.00000000000000000000
0.01474808853356726276
0.01488603092813191829
0.00000000000000000000
0.00000368526028624900
0.00000000000000000000
0.00000000000000000000
0.00000000000000000681
0.00000614913533423571
0.01492571191815461433
0.00000000282491296269
0.00000000000000000000
0.00000000000000000000
0.01515873845962250124
0.01496128606979519639
0.01488470814375955457
0.00000000000000000000
0.01488349466132256327
0.01561825010891832941
0.01488522904228054868
0.00000000000000000000
0.00000000000000000000
0.00000000000000000000
0.01489056777993627047
0.01490689266790044647
0.00000000000000000000
0.00000147979114358553
0.00014045021589850252
0.01488635107190398356
0.01505620709052965349
0.00000000000000000000
0.01490477142559916077
0.01693209292344204434
0.00000000000000000000
0.00000532689153886682
0.01489063781572887331
0.00000000000000000000
0.00000000000000000000
0.00000000000009390152
0.00000000000000000000
0.00000000000000000000
0.00000000000000000000
0.00000000000000000000
0.00000000000000000000
0.00000000000000000000
0.00000000000000000000
0.00000000000000000000
0.01498498014442170047
0.00000000000000000000
0.00000000000000000000
0.01495582062313564713
0.00000000000000000000
0.00000000000000000000
0.00004758798520059285
0.01488986334900052784
0.01613112096133988149
0.00000000000000000000
0.00000000000000000000
0.00000000000000000000
0.01380171895541500680
0.01488228176717467516
0.00898050157438721151
0.01576065799080086927
0.00000000000000000000
0.01488484575422244563
0.01736774067542409469
0.01538063162736321918
0.01488494694341415715
0.00000000000000000000
0.01488490697537625702
0.01488534773459605082
0.01488376617097740204
0.00110948006098524716
0.01488476074435459567
0.00000000000000000012
0.00000000000000000000
0.01637983320941448911
0.00000000000000000000
0.01492214228027911177
0.01505369321987063379
0.01488338809620955161
0.01491056260680468856
0.00757254763175745169
0.00000000586231970786
0.00001277430849530306
0.01539475099203615159
0.01560319417147696536
0.01309132016322225867
0.00000000000000000000
0.00208134940304026579
0.01660583356368689617
0.00000012511689940439
0.00000902791732024134
0.01488244818405154782
0.00264039707185808811
0.00000000000000000000
0.01488439274631768103
0.00000000000000000000
0.01488514095087256454
0.00000000000000000000
0.00000000000000000000
0.01488350626503492577
0.00000000005912911597
0.00000000000000000000
0.00022328834292926133
0.01629444515145532860
0.01488298537649113996
0.00000000000000000000
0.01715630028670960330
0.00081129074008977223
0.00000000000000000000
0.01507514479810489853
0.01561604499634296553
0.01488161894235579333
0.00000000000000000000
0.00000000000000000000
0.00000361655730553060
0.01007893419121069604
0.01493568506773580544
0.00000000000000000000
0.00000000000000000000
0.01488400752585963133
0.01637427860133046018
0.00000000000000000000
0.00000000000000000000
0.01500190357531407809
0.00000000000000000000
0.00000000000000000000
0.00000000000000078166
0.00000000000000000000
0.01735448838834856289
0.00000074826269502145
0.00000193435225719426
0.01488135754012867573
0.01511760816850118636
0.00000000000000000000
0.00000000000000000000
0.01620503239502266157
0.00000000000000000000
0.01490107778914922902
0.00000000000000000000
0.00049312777398045405
0.00762540187351342866
0.00644625690189218944
0.01758876853891289810
0.00000000000000000000
0.00000000000000000000
0.01488439130435838254
0.00000000121320997969
0.01493195992178872680
0.01499821064783149818
0.00000000000000000000
0.01490756591868962547
0.00000000000000000000
0.00000000000000000000
0.00000000000000000000
0.00000000000000000000
0.01488570098936554433
0.00026125023642425461
0.01501760331031183962
0.01544154657674184222
0.00000000000000000000
0.00009745411654728211
0.01488647164742662975
0.00000000000000000000
0.00000001904337535235
0.00000000000000000000
0.00000065597159485652
0.00000000000000000000
0.00000000000017966971
0.00000000000000000440
0.01488494882002640123
0.01488462772375133761
0.00000000000003233352
0.00000000000000000006
0.00000000000000000000
0.00000000000000000000
0.01169596906188610265
0.00052508889983375368
0.00000000000000000000
0.01488564588348144715
0.01488291821936261854
0.00000000000000000000
0.00000000000000000000
0.00001850914042768463
0.00003996225159402487
0.01488363797808831164
0.00000000000000063583
0.01494901873128759960
0.00836374011091482045
0.01570731052077408568
0.01494497554758302156
0.01488507594017050330
0.01490072693711497892
0.00000000000000000000
0.00010750006829908759
0.00570079745165620426
0.01488493823791561289
0.00224328225731277838
0.01263107141707763004
0.00000000000000000000
0.00000000001464293554
0.00000000025391398442
0.01569755592664025950
0.01488649353091822496
0.00000000000000000000
0.00000000880626014955
0.00000000000000000000
0.01520038628753986841
0.01488466356216991589
0.01488486327869565501
0.00000000000000000000
0.00217376708961790170
0.00000000000000000000
0.01489289947079986375
0.00000000000000000000
0.00000000000000000000
0.00000000000000000000
0.01488449839835087260
0.00000000000000003274
0.00000000000000000016
0.01488716844490352124
0.01603583087005723551
0.01489336912763730182
0.00000000000000000000
0.00000000000000000000
0.00000000000000000000
0.00542153370605735416
0.00672104101858377479
0.01491903436368215152
0.01520234046722080193
0.00000000000000000000
0.00000000000000000001
0.00074888402727520066
0.00000000000000000000
0.01472528388635480426
0.00000000000000000000
0.01488798478383729709
0.00000000000000000000
0.00000000000000000000
0.01429601696853602041
0.01696403394884436408
0.00000000000000000000
0.00000016920035645952
0.01665603416259917036
0.00000000000000000000
0.00000000000000000000
0.00000000000000000000
0.00000000000000000000
0.01671089231367792888
0.01297787312763971565
0.00000000000000000000
0.00000000000000000000
0.00313541479547637661
0.01488304753165466988
0.00000000000000000000
0.00000000000000000000
0.00000000000000000000
0.01524730969421480599
0.01723534313450388739
0.00000000000000000000
0.01488405385246903412
0.00000000000000000000
0.00390331541898006340
0.01488499984654164353
0.00000000000000000000
0.01488518363619361143
0.01504085553734558177
0.01463661312884918277
0.01559672022364617765
0.00812623550116530445
0.00000000000000000000
0.01488518703059565212
0.00000000000000000000
0.01750233466123005469
0.01644069435852694300
0.00000000000000000000
0.01489062114458700875
0.00420991515378119508
0.01488723323588996006
0.00000000000000000000
0.00000000000000000007
0.01535917589852464800
0.00000000000000000000
0.00000000000000000000
0.00000000000000000000
0.01506635053056032056
0.01505270278041993988
0.00003622621879987435
0.01488492726583648049
0.01232151859294328654
0.00000001490745525101
0.00040602090859775237
0.00000000000000000000
0.00000171461261750785
0.00000000000000000000
0.00039697921911986396
0.01488509526066115508
0.01681456281890649981
0.01488564180218210700
0.00000000000000000000
0.01488484011543754135
0.00000000000000000000
0.00000000000000000000
0.00008253227555325530
0.00000000000000000000
0.00000000000000000000
0.00876631197809291454
0.00008589387884303661
0.00003008106236587670
0.00000000000000000000
0.00000000001114954296
0.00339968877363660453
0.00012287557334097676
0.01488259704927831495
0.00000000000000000000
0.00000000000000000000
0.00000000000000000000
0.01488499857540834075
0.01518578024080086998
0.00000000000000000388
0.00133926220830244552
0.00000000000000000000
0.00000000000012493521
0.01488698860901340425
0.00000000000000000000
0.00000000000000000000
0.00000000000000000000
0.01683922701381476011
0.00000000000000000000
0.01501616588604102326
0.01488843383158947389
0.01527686247018619943
0.00000000000000000000
0.00000000000000000000
0.01414803214180956371
0.00000000000000000000
0.01491148759571539299
0.00000000000000000000
0.00000000000000000000
0.01504245305613326894
0.00000000000000000000
0.00000000000000000000
0.00930793974524889156
0.00000000000000000000
0.01506077686598584695
0.00000000000000000000
0.01496747094670415439
0.01534477262669909498
0.00000000000000000000
0.01269053778740603620
0.00000000000000000000
0.00000000000000000000
0.00000000000000000000
0.00000000000000000000
0.00000000000000004082
0.00000000000000000000
0.00084861416771008879
0.01491746352384707222
0.00000000000000000000
0.01494535529118365402
0.01488779216324037993
0.00000000000000000000
0.01493540913219321836
0.00000000000000000000
0.00003305700348593903
0.00000000000000000000
0.00000000000000000000
0.00000000000000000000
0.01488516005237053644
0.01762616915887417479
0.00000005486064504820
0.00488528954979908659
0.00000000000000000000
0.00004407859447279239
0.00439199930340464749
0.01490224838737835497
0.00000000000000000000
0.01498781756306041650
0.00000000000000000000
0.00000000000000000000
0.00000000000000000000
0.01488555646844879655
0.00000000000000000000
0.00000000000000000000
0.01500658855431866341
0.01491312733390768967
0.00000000000000000000
0.01706972278408962554
0.01488896037573586052
0.00000000511487691570
0.00000000000000000000
0.01488490691357688758
0.01235977428502601887
0.01492060173296669463
0.01488638689279127812
0.01488541400012035817
0.00000000000000000000
0.00000000008684886126
0.00000000005752886982
0.00000000000000000000
0.00000000000000000306
0.01494406721361882587
0.00000000000000000000
0.00000000000000000000
0.00000000000000000001
0.00000000000000000000
0.00000000000000000461
0.00000500101026932670
0.00000000000000000000
0.00000000000000000000
0.00000000000000000000
0.01548102977522172914
0.01628123504767346047
0.01513201030125426068
0.00000000000000000000
0.00000437708792568803
0.00000000000000000000
0.01488512133828404256
0.00318304291479820081
0.00469606393526367672
0.01663873887836384707
0.00000000119525177855
0.00000000000000000000
0.00000026622873050702
0.01478201152334973623
0.00000000000000000000
0.00000000000000000000
0.00000000000000000000
0.00000000000000000000
0.00000003801668602434
0.01588218257652647750
0.00000000000000000000
0.00000005184328287535
0.01488411647779039858
0.01639204192686923717
0.01498733409403057992
0.00000000000000000000
0.00000000000000000000
0.00000231812634674162
0.01488510502222576901
0.00000000000596214967
0.00000000000000000000
0.01367249851601310545
0.01488734677140150960
0.01515351249426999912
0.01488190220084540348
0.00801502095757239928
0.01488476155521699026
0.01488435978573519197
0.01489278496288325669
0.01738459608894217870
0.01488370829026040669
0.01307650742496134499
0.01493866872338830802
0.01496131720064160404
0.01141014619015696431
0.00000000000000000000
0.00487203452605178364
0.00011011702333477047
0.01490059053079689083
0.00000000000000000000
0.01494703297920533559
0.01309309452702534481
0.01491073449297769700
0.01488693818909303870
0.01392709681948633288
0.01500387021098649812
0.00000000000000000000
0.00000219786906133063
0.01767329153427202662
0.01488534850611508004
0.01488518356561892818
0.01494108039538752201
0.01488573377753046705
0.00000000000000000000
0.00074068902430804581
0.01488363244825273782
0.01488444061629615525
0.01249979920351913798
0.00000000000000000000
0.00000000000000000000
0.00000000000000000000
0.00000000000000000000
0.00000000000000000000
0.01488389982585789847
0.01502070414771163737
0.00000000000000000000
0.01674789048791697904
0.00001121450831431210
0.01206434703990708589
0.00000000000000000000
0.01488427671770455908
0.00103017982821257967
0.01488959026094997806
0.00000000000000000000
0.00000000000000000000
0.01490616882158189369
0.00000000000000000000
0.00000000000000000000
0.00000000000000000000
0.01618085238691331640
0.01620800475472162355
0.00000000000000000000
0.00000000000000000000
0.01519034155414963720
0.01504170651999936319
0.00000000000000000000
0.01488652003081859972
0.01023203729036835201
0.00000000000000000000
0.01497762000352384493
0.00000000000000000000
0.00000360294801952691
0.01581830824219578047
0.01602120779662568814
0.00000000000000000000
0.00000000000000000000
0.01490048662041762104
0.00000000000000000000
0.01497104295394420526
0.01550474618697668568
0.01488659073302704000
0.00000000000000046130
0.00000000000000000000
0.00000000000000000000
0.01622571287511316920
0.00027711704945292484
0.01488479122809399993
0.01488515501146712647
0.00359067442197575411
0.01751705605353075582
0.00000000000000000000
0.01492012334160276038
0.01632730409244882719
0.00000000000000000000
0.00000000000000000000
0.00002439656175636779
0.01488511963688199033
0.01488743806100967758
0.01510409242700981591
0.00000000000000000000
0.00000000061585547280
0.00000000000000000000
0.00000000000000000000
0.01488511309488456044
0.01488816528340865773
0.01703276909775212553
0.01619922555892563953
0.00000000000000000000
0.01528139248769740631
0.01488229684556834943
0.01491651526256785459
0.00000008042394234464
0.00018615701725922630
0.01488516284883406940
0.01246326084124825886
0.01488161138984419631
0.00000000000000006061
0.00000000000000000000
0.01552377044121546271
0.01488481894850596579
0.00000000000000000000
0.00000000000000000000
0.01488540083959510700
0.01556866710432837711
0.00000000000000000000
0.01489028570421104154
0.01488455645260199078
0.01502285396375397514
0.00000000000000000000
0.01495071924392465078
0.00000822834211308089
0.00000000000000000000
0.00003041976832267205
0.00000000000000000000
0.01496910387037407239
0.00937158329719952644
0.01699616826688660209
0.01489837029753879501
0.00000000000000000000
0.01491403243426146774
0.00000000000000000000
0.01488446323707422712
0.01133086831842170482
0.00000000000000000000
0.00000000000000000000
0.00030488858326072559
0.00000000000000000000
0.00000000000000000000
0.00000000000000000000
0.01489831830029790874
0.00000000000000000000
0.01524426103129099958
0.01488467050761884194
0.01488489962237985777
0.00000000000000000000
0.00000000000000000000
0.00454144595176893956
0.00000000000000000000
0.00458380042226667200
0.00000000000000000000
0.00000004198520300467
0.01491747599919214518
0.00000000766799503716
0.00000008183122973598
0.01501358314830583858
0.01254479597070899156
0.01488373567017166679
0.00000000000000000000
0.00000000000000000000
0.00000000000000000000
0.00000000000000000000
0.00000000000000000004
0.01518192507907163182
0.00000000000000000000
0.01496952207898123895
0.00125175850142090215
0.00000000000000000000
0.01700465923020156450
0.00000000000000000000
0.00000000000084647423
0.00000000000609006083
0.01749956641306161034
0.00000000000000000000
0.00603214694750551367
0.00000000000000000000
0.01509534733484226357
0.01489546862538296441
0.00000000000198682530
0.00000000000000000000
0.01488966129862615353
0.01488429551138583870
0.00261996495957946170
0.01488975100867252939
0.00000000000000000000
0.01492630385566767401
0.00000000000000000000
0.01519777026606295052
0.01488485733554320740
0.00644587310219266359
0.01496224651419713648
0.01724919616503680503
0.00000000000008170012
0.01488492224121344340
0.01488194748316184514
0.01488512038224061237
0.00000000000491230011
0.01653789569380321664
0.00000000000000000000
0.00000004070026902273
0.01488469286577896386
0.00000000000000000000
0.00000000000000000001
0.01508279369197545669
0.00000000000000906290
0.01538241617021742468
0.00000000000000000000
0.00000043501483777393
0.00000000000000000000
0.00000000000000000000
0.01492435072503341641
0.01602555865334408941
0.00000000000000000000
0.01518092527418656544
0.00000000000000000000
0.00000000000000000000
0.00000000000000000000
0.00000000000000000000
0.01492563289513502631
0.00000000000000000000
0.01467356843897642434
0.00259326641498913713
0.00000000000000000000
0.00000000000000000000
0.01701776970909884071
0.00000000000000000000
0.00000000000000000000
0.00000000000000000000
0.00000000000000000000
0.00000000000000000000
0.01489429544817660704
0.01488495900169409247
0.00000000000000000000
0.00000275481361385725
0.01488508871633137214
0.00257682095134175154
0.01490858227894596190
0.00242555837604862493
0.00000008445279816391
0.00819406900890052615
0.00000000000000001775
0.00622564874439822911
0.01488726748583978597
0.01488524877474966916
0.00000000000000000000
0.00470048797114575034
0.00895697239487581141
0.00000000000000000000
0.01644118540758303382
0.01488836607883894242
0.00000000000000000000
0.01561432073830356509
0.00000000000000215723
0.01501017654307550651
0.01529802301027553650
0.00000000000000000000
0.00000000009046394898
0.00000000000000000000
0.00110288607950472873
0.00000000000000000000
0.00000376683095632577
0.00000000529149861101
0.00000000000000000000
0.00000000000001851269
0.01488167943977564134
0.00000000000000000000
0.01621818250312734647
0.00000000000000000000
0.01492454552088912437
0.01643939273470866255
0.00000000000000000000
0.00000000000000000000
0.01489551464692230077
0.00000000000000000000
0.01530378273199963640
0.01498479952370565527
0.00000000000000000000
0.00000001936264703054
0.00942999306689879489
0.00000000000000000000
0.00001498593596866174
0.00000000000000000000
0.00000000000000000000
0.01666005023006760996
0.00000000000000000000
0.00058323863396943590
0.00442464072132190116
0.00000000000000000000
0.00196923226687116667
0.01488692881422353821
0.00000002714043440269
0.00000000000000000000
0.00000000000000000000
0.01740813099301471989
0.00000000000000000000
0.01055659699014485642
0.01495248000206779622
0.00000000000000000000
0.00000000000000000000
0.00328881977016372241
0.00664382673170214270
0.00000041228330970324
0.01496548161099753131
0.00000000000000000000
0.01653926814046180471
0.00000000000000000000
0.01329308789706934966
0.00000000000000000000
0.01605452995969051944
0.01488385478698702954
0.01506863093009204804
0.00000000000000000000
0.00000000000000000000
0.01488526306907885476
0.00000000000000000000
0.00000000000000000000
0.00943555724018387346
0.00000000000000000000
0.00000000000000000000
0.01490310676138081360
0.01490882919072016206
0.01520006575995618524
0.00000000000000000000
0.00000000000000000000
0.01249479635941902304
0.01365137555977879481
0.00001262897636944262
0.01491474897092936146
0.00000000000000000000
0.00510563332702643462
0.00914755540549556413
0.00000000000000000000
0.01489089174512150428
0.00000000000000000000
0.01491770590708313242
0.01488464779046339177
0.01491165856335699771
0.01488224987947282286
0.00000000000000000000
0.01392634373291184308
0.00000000000000000000
0.01488317896507453109
0.01488507059043428504
0.01553105839202166549
0.00000000000000000000
0.00721282188113965030
0.00000000000000000000
0.01488430724386379141
0.00000000000000000000
0.00000000000000000000
0.01488238692332147922
0.01502937980846471948
0.01509521304183381561
0.01488480200668825665
0.01006627379529902166
0.00000000310325646672
0.00016346034568444354
0.00000000000000000037
0.00000000000000472394
0.00000000000000000000
0.01528044132591268450
0.01489771678250974805
0.00000000000000000000
0.01712852704939613405
0.00000000000000000000
0.01718990963528408897
0.01579961467960000476
0.00000000000000000000
0.01488413673024966376
0.01494475617411700381
0.00000000000000000202
0.00000000000000000301
0.00405749408437301295
0.01527122127686694406
0.00269953611555534285
0.00000000000000000000
0.00000000000000000000
0.00000000000000000000
0.01488837689327884850
0.01488219780771046080
0.01488517009920257463
0.01456846102709640975
0.01582726691038633185
0.01488782824487718155
0.01494766625745417438
0.00000000000000000000
0.00000000000000000000
0.01489739908749272181
0.01488517744731662588
0.01610146506072305736
0.00000000000000000000
0.01711529859754908067
0.00000000000000000006
0.00413756237292313943
0.00000000000000000000
0.01621649538825790590
0.01493070112269941248
0.01488498324805279452
0.01489464502904809355
0.00058138519767586311
0.00000000010283367088
0.01523403855655679554
0.00000289157035024930
0.00000000000000000000
0.01544045085655569756
0.00000000000000000000
0.00000000000000000000
0.00000000000000000000
0.00000009459950138249
0.01190199266192918347
0.00000000000006583845
0.00000000000000000000
0.01457342774042875641
0.00000000000000000000
0.01489127798013848217
0.00000000000000000000
0.01488460634152711029
0.00037728095519900281
0.01488402800876363098
0.01532528913493412526
0.00000000000000000000
0.01498981444578937651
0.00000000000000000000
0.00000000000000000000
0.00000188024936779162
0.00000063774324884328
0.00000000000000000000
0.01684255574411176390
0.00000000000000000002
0.01488501992633783216
0.00000007584538400010
0.01425755828063178694
0.00000000000000000000
0.01676211395541641475
0.00000000000000000000
0.01488452681282775858
0.01518070186084479779
0.00109638290425383643
0.01488407488190126443
0.00000000000000000000
0.01488411276906549154
0.00430001074888814068
0.00000000000000000000
0.01488501448657573653
0.00000000000000000000
0.00000000000000000000
0.00000000000000000000
0.00101677769773137828
0.00500914240520524724
0.00000000000000000000
0.00000000000000000000
0.00000000000000000000
0.01507676803692493440
0.00813277768922300234
0.01492845635474670390
0.01488383733426407694
0.00000000000000000000
0.01504547488678199992
0.01494939850685489922
0.00000000000000000000
0.01488388101179081470
0.00000000000000000000
0.00000000005565254718
0.00000323771452757572
0.00273706385180994688
0.01488589374768953602
0.00082949795468374179
0.01488435429143894831
0.00611014590733778215
